=== Run information ===

Evaluator:    weka.attributeSelection.CfsSubsetEval -P 1 -E 1
Search:       weka.attributeSelection.GeneticSearch -P 234,214,256,233,209,217,172,257,411,239,230,211,238,246,216,244,259,229,138,126,245,243,218,114,415,124,179,212,60,299,396,161,171,58,372,119,421,173,392,213,387,165,362,436,155 -Z 20 -G 20 -C 0.6 -M 0.033 -R 20 -S 1
Relation:     LabelledTrain
Instances:    28759
Attributes:   437
              [list of attributes omitted]
Evaluation mode:    evaluate on all training data



=== Attribute Selection on all input data ===

Search Method:
	Genetic search.
	Start set: 234,214,256,233,209,217,172,257,411,239,230,211,238,246,216,244,259,229,138,126,245,243,218,114,415,124,179,212,60,299,396,161,171,58,372,119,421,173,392,213,387,165,362,436,155
	Population size: 20
	Number of generations: 20
	Probability of crossover:  0.6  
	Probability of mutation:  0.033
	Report frequency: 20
	Random number seed: 1

Initial population
merit   	scaled  	subset
 0.02699	 0.04079	58 60 114 119 124 126 138 155 161 165 171 172 173 179 209 211 212 213 214 216 217 218 229 230 233 234 238 239 243 244 245 246 256 257 259 299 362 372 387 392 396 411 415 421 436 
 0.02049	 0.02069	1 2 3 4 5 11 19 21 22 23 25 26 28 29 30 31 32 34 37 40 41 43 47 50 51 53 54 55 58 59 60 62 63 65 67 68 69 70 71 72 73 74 76 77 78 79 80 83 85 86 87 88 89 90 92 93 100 101 102 103 104 105 107 108 109 110 111 112 113 114 115 119 121 122 125 129 132 133 135 136 137 138 139 144 145 147 148 149 152 153 155 156 157 158 160 162 163 164 167 168 172 174 178 179 180 181 184 186 187 188 189 190 191 193 194 199 202 203 204 206 207 210 211 212 215 217 218 220 223 224 228 229 230 232 235 236 237 239 240 242 244 245 247 249 252 253 254 255 260 261 262 263 264 265 266 268 269 270 271 272 275 278 279 281 284 286 287 289 290 291 292 294 295 296 301 303 306 307 308 309 311 314 315 316 317 318 320 321 323 324 325 327 329 330 332 336 337 338 340 342 343 347 349 351 352 355 356 357 359 361 362 363 364 365 367 368 370 371 373 374 375 376 377 379 380 381 383 384 385 387 388 389 391 392 393 398 400 401 402 408 409 410 411 412 414 415 416 417 419 420 421 422 424 427 429 430 432 433 434 435 436 
 0.0191 	 0.01638	1 4 6 7 11 16 17 21 22 23 24 25 26 27 28 32 37 38 45 47 50 51 54 57 58 60 61 62 67 68 70 71 77 79 80 87 89 97 98 100 104 107 112 115 123 124 132 133 134 138 140 143 144 145 147 149 152 154 158 161 164 166 168 169 173 174 176 177 179 180 184 185 186 189 191 192 195 196 198 199 202 204 206 212 213 214 215 216 218 219 224 227 228 237 238 241 242 245 247 252 255 256 259 261 262 267 273 275 278 283 286 287 290 293 294 296 303 308 310 315 319 322 324 326 330 331 333 338 343 349 352 358 364 365 366 368 370 373 374 375 379 381 382 383 389 390 392 395 396 397 398 399 400 402 403 408 409 415 422 427 428 432 434 
 0.01998	 0.01911	6 11 23 40 53 58 62 68 74 82 86 89 91 98 107 116 119 121 131 135 136 137 153 160 167 169 185 198 212 216 218 221 224 233 238 240 246 272 281 282 287 288 290 293 294 295 310 311 313 315 324 329 332 338 346 349 351 353 366 368 370 377 384 387 397 400 407 415 432 
 0.01964	 0.01805	2 3 5 7 9 10 11 14 26 29 30 31 34 35 36 38 40 42 44 48 51 52 54 55 56 58 60 61 62 67 69 72 76 78 80 81 82 84 89 92 95 98 100 101 103 104 105 107 108 110 111 115 116 118 119 125 126 134 136 137 138 146 150 151 158 160 162 164 167 170 171 173 174 175 176 177 178 180 181 184 185 187 188 191 192 193 194 195 196 197 198 199 200 203 204 205 206 208 210 211 212 214 215 217 221 222 223 225 228 230 231 237 240 242 244 245 246 247 248 250 252 253 254 256 258 259 266 267 271 272 276 277 279 280 282 283 284 286 287 288 289 290 291 292 294 295 298 299 300 301 302 303 304 305 309 310 312 313 315 316 317 318 322 323 324 326 327 329 331 333 334 335 337 339 340 341 342 345 347 348 349 352 353 355 356 357 358 361 364 365 366 367 368 371 372 374 376 377 378 379 380 381 384 386 388 390 391 394 396 399 401 402 403 404 405 406 407 409 413 416 417 418 421 424 427 428 430 431 434 436 
 0.01965	 0.01808	6 12 13 17 24 35 39 43 64 70 73 78 85 90 96 97 103 104 109 111 116 121 131 132 136 141 153 161 164 165 169 180 189 197 200 202 210 211 214 219 223 233 236 237 242 250 253 257 258 274 275 285 288 291 296 300 310 316 318 329 332 333 339 345 347 348 349 354 355 363 364 375 381 384 399 401 402 405 406 407 408 424 429 431 433 435 
 0.02049	 0.0207 	2 3 4 7 10 11 12 14 15 16 18 20 21 22 27 29 30 31 33 34 36 37 38 40 42 47 48 50 51 54 57 59 61 64 67 68 69 71 72 73 74 75 79 81 82 83 84 85 86 88 92 94 97 98 100 101 102 105 110 112 113 115 118 121 123 125 127 128 129 132 133 134 138 141 144 145 146 148 150 151 152 155 156 157 159 160 162 164 170 171 172 174 176 177 179 180 181 183 189 190 191 194 195 196 199 203 205 206 208 210 214 215 216 217 218 221 222 224 225 226 227 228 229 230 234 235 239 240 241 242 243 245 247 250 251 252 254 255 256 259 261 262 263 264 265 269 272 273 278 281 284 285 287 288 290 291 293 295 297 299 301 302 304 305 306 307 308 309 315 317 318 319 323 327 328 329 331 333 335 336 337 338 339 340 341 347 350 353 354 356 357 361 364 365 366 367 368 370 372 377 378 379 383 384 385 386 389 393 394 396 402 405 407 410 411 412 417 418 420 422 424 425 426 427 428 431 434 435 436 
 0.02005	 0.01931	3 7 9 10 11 12 17 18 20 22 25 29 30 33 43 46 50 51 52 54 55 56 57 59 60 61 62 63 64 65 67 71 73 74 77 78 81 83 85 87 88 89 90 92 96 97 99 101 104 105 106 108 110 114 116 118 120 121 125 126 128 130 134 135 136 137 139 140 142 143 145 148 150 151 154 159 160 162 164 166 167 169 170 172 178 182 188 191 192 193 194 195 197 198 199 200 201 202 203 205 206 211 212 213 214 215 216 217 218 222 227 228 230 231 232 236 238 242 245 246 249 251 255 257 258 259 260 261 268 269 270 272 274 275 276 278 279 282 283 286 288 289 292 293 294 295 296 297 298 299 302 306 307 308 313 314 316 318 319 321 322 323 324 325 326 328 329 330 333 334 336 337 339 345 346 347 348 349 350 354 357 361 362 363 365 366 370 373 377 378 380 381 384 385 389 390 392 394 396 397 399 400 403 406 409 411 415 416 418 419 420 421 423 424 425 427 430 431 433 
 0.02076	 0.02151	3 12 14 23 25 34 35 40 46 52 57 63 64 65 71 74 77 79 92 93 94 98 101 102 104 105 106 110 112 116 124 130 132 134 145 149 150 151 152 153 155 157 159 161 162 163 167 174 176 182 187 188 189 193 195 202 204 210 213 214 217 218 233 235 240 242 243 251 262 263 270 271 277 283 288 292 293 294 310 312 313 324 325 331 333 336 339 345 348 349 353 355 358 366 367 368 374 383 385 386 389 393 401 404 405 406 407 411 417 418 429 430 
 0.01927	 0.0169 	4 6 10 14 22 26 43 44 45 46 49 51 58 63 66 67 75 78 80 86 92 96 104 111 114 115 116 120 125 126 133 134 135 142 144 149 156 163 173 175 177 180 183 185 199 206 209 213 219 220 224 228 236 239 240 241 242 247 248 254 255 256 259 261 262 263 267 269 273 274 282 284 285 288 291 295 296 301 303 308 312 313 314 318 319 320 323 324 330 335 336 346 348 352 353 356 359 361 379 389 395 398 404 405 407 408 412 420 421 423 426 433 
 0.02052	 0.02076	2 6 7 11 13 14 15 18 19 20 23 24 28 29 32 34 35 36 38 39 42 43 49 50 51 56 57 59 60 61 62 63 65 67 75 76 77 78 80 81 83 89 92 93 94 95 96 98 99 101 105 107 109 110 112 113 114 115 119 121 122 123 126 127 128 129 131 132 134 136 137 138 139 140 142 143 145 146 149 151 152 153 154 155 156 157 160 165 166 167 168 169 170 171 172 173 177 179 181 182 183 185 186 187 188 189 190 192 193 195 196 198 199 200 206 207 210 211 212 213 214 215 216 220 222 223 224 227 228 231 232 235 240 242 243 244 245 246 247 248 249 250 254 255 256 260 261 262 263 267 268 269 271 273 275 278 281 282 283 286 287 289 290 292 293 295 298 300 301 302 303 304 307 308 311 313 314 316 319 320 322 324 325 326 327 330 331 336 338 343 344 345 348 351 354 356 358 360 361 362 364 365 367 368 370 371 372 374 375 378 379 382 383 388 392 395 396 398 406 408 409 411 412 413 415 420 421 426 427 428 429 432 433 434 435 
 0.01997	 0.01906	1 2 5 7 11 12 14 16 20 25 27 28 30 31 32 34 37 39 40 41 42 43 44 45 46 48 49 50 55 63 65 66 67 69 71 72 74 75 77 82 83 85 86 88 89 90 92 93 94 99 100 101 102 104 105 108 112 118 119 120 121 122 123 124 126 127 129 130 131 135 137 138 139 140 141 142 147 148 149 151 152 156 159 160 161 162 166 167 168 169 171 172 173 174 176 177 178 179 181 182 183 187 190 194 195 196 198 201 203 204 207 210 211 213 217 218 219 222 223 224 225 226 229 231 234 236 240 242 244 248 251 252 253 255 256 258 259 260 261 262 264 265 271 274 277 278 281 283 284 288 289 291 294 295 298 300 301 302 304 305 307 308 311 312 313 315 318 320 332 333 334 335 337 339 341 342 344 346 347 348 351 353 357 361 363 364 366 367 372 373 374 375 376 377 378 379 380 381 382 383 384 385 386 389 391 392 395 398 399 400 405 407 408 409 410 412 415 420 421 422 424 425 426 428 430 431 433 435 
 0.01978	 0.0185 	2 3 7 9 14 15 17 18 20 21 22 23 24 26 27 28 30 32 33 36 37 38 39 41 44 45 46 47 49 50 51 52 53 55 56 57 59 60 63 66 71 72 78 79 80 81 85 89 90 93 94 96 98 100 101 102 103 104 105 109 111 113 114 115 117 118 119 120 122 125 127 130 131 132 133 134 135 136 140 141 143 145 148 150 151 152 155 158 159 165 169 172 173 175 176 177 178 180 181 183 188 191 193 197 198 199 200 203 204 205 211 212 213 214 215 217 219 220 221 222 224 226 227 229 231 232 233 234 235 236 238 239 240 242 244 245 249 250 252 254 256 258 259 260 261 262 263 264 265 266 269 273 274 276 280 281 283 285 289 290 291 293 294 295 296 297 300 301 303 306 307 309 311 313 314 315 321 322 323 325 326 328 330 331 335 336 338 345 348 349 351 352 353 354 356 358 360 361 362 368 371 372 374 379 383 384 385 387 388 391 393 394 396 397 398 401 402 403 404 405 406 407 409 410 416 417 420 424 428 430 431 432 436 
 0.01848	 0.01447	1 5 7 11 12 14 18 20 34 35 37 39 41 45 48 51 55 67 86 90 98 105 107 114 123 140 153 155 156 158 172 176 191 196 208 223 227 230 231 245 251 266 274 275 282 285 288 298 300 303 304 310 321 337 340 347 349 354 357 372 376 377 380 385 391 393 396 399 405 407 416 420 426 
 0.01996	 0.01904	1 4 6 7 19 24 31 36 38 46 51 58 61 62 65 75 79 85 89 90 92 99 101 102 108 112 114 115 117 123 124 126 128 130 134 147 152 158 165 167 174 181 182 183 186 192 194 204 205 208 210 216 218 225 230 234 240 244 245 246 254 256 258 263 265 268 270 272 278 286 287 296 297 300 302 317 322 324 333 335 336 342 344 349 350 351 353 365 371 373 403 411 413 414 416 418 419 423 433 436 
 0.01955	 0.01779	3 5 6 7 9 10 12 15 16 19 21 22 24 25 27 28 30 36 37 38 39 40 41 42 43 44 45 46 49 52 53 54 55 56 59 60 62 63 64 70 73 74 76 78 85 88 92 93 95 97 99 100 101 104 105 106 109 110 111 112 114 122 125 128 129 130 131 138 142 143 144 145 152 157 159 160 161 163 166 168 169 184 186 187 191 193 196 199 200 204 207 211 213 215 220 222 224 226 227 229 230 232 236 238 242 245 246 248 249 251 264 265 266 267 272 273 275 276 279 280 281 287 288 294 296 299 300 301 302 303 304 308 309 312 315 316 317 319 321 323 326 328 332 333 338 339 340 341 344 347 351 352 353 357 358 360 366 367 369 370 371 372 373 375 376 378 380 385 386 387 389 392 393 394 396 398 401 402 404 407 408 411 418 421 423 424 426 428 430 432 433 434 436 
 0.02118	 0.02282	3 10 16 17 22 24 33 35 39 42 45 47 49 60 75 77 79 86 89 91 92 101 102 111 113 115 122 123 125 141 143 145 147 150 155 156 160 162 163 168 171 183 186 187 188 190 196 198 200 201 202 209 216 221 228 232 244 248 254 264 269 270 276 283 293 294 297 298 300 302 305 307 308 312 313 316 328 329 332 334 337 340 341 349 350 351 364 376 377 382 386 387 392 393 394 399 402 403 406 415 418 419 424 426 428 431 432 436 
 0.02023	 0.01989	4 10 11 12 14 15 16 19 27 28 32 35 40 45 46 47 49 50 54 55 57 59 60 61 64 65 70 74 75 77 78 79 80 83 84 85 86 87 90 91 92 94 96 97 100 101 103 105 107 110 111 114 115 116 117 118 120 121 123 124 126 127 129 132 133 135 137 140 141 142 143 145 149 150 152 153 154 159 161 163 164 165 166 168 169 170 172 173 174 177 178 184 187 188 189 190 191 194 195 196 205 206 210 212 215 217 219 220 221 222 223 225 226 227 229 230 232 236 238 239 240 241 243 244 245 247 248 250 252 255 256 258 260 261 262 266 267 268 270 271 273 274 275 276 278 281 286 287 292 294 295 297 298 299 301 303 304 307 309 310 313 320 321 322 323 325 328 330 331 333 336 337 338 340 341 342 349 351 356 357 358 360 361 362 364 367 371 374 376 378 379 383 387 388 389 390 391 392 393 394 396 399 400 401 405 406 407 409 411 412 413 416 418 419 420 421 423 424 425 426 428 429 431 432 436 
 0.01965	 0.01807	1 2 3 4 5 6 13 14 15 16 23 25 26 28 30 32 37 45 50 53 56 61 64 67 69 71 72 73 74 76 79 80 87 88 90 93 95 98 99 104 105 110 113 114 115 116 117 121 122 126 133 134 136 137 139 140 142 143 147 149 151 152 153 154 159 160 176 177 178 180 185 190 194 198 199 200 206 207 209 210 213 216 217 218 219 220 224 227 229 230 232 239 240 242 246 247 248 251 252 254 256 257 259 260 261 263 268 270 273 274 277 278 281 284 285 290 291 295 296 297 298 301 303 308 311 312 315 320 321 322 323 324 326 327 329 331 341 344 346 347 351 357 358 362 363 367 369 370 372 374 375 376 377 380 383 385 387 390 392 396 399 401 402 405 406 409 410 414 415 416 419 421 422 424 425 426 427 428 432 435 
 0.02222	 0.02603	36 60 67 87 96 111 117 130 142 156 178 194 213 228 229 231 244 245 284 296 303 319 349 365 367 376 394 398 407 434 

Generation: 20
merit   	scaled  	subset
 0.0279 	 0.04808	3 16 34 39 41 58 60 72 102 108 114 119 121 124 126 132 138 155 161 165 171 172 173 179 199 209 211 212 213 214 216 217 218 229 230 233 234 238 239 243 244 245 246 253 256 257 259 261 267 299 307 362 372 387 392 396 411 414 415 421 436 
 0.0279 	 0.04808	3 16 34 39 41 58 60 72 102 108 114 119 121 124 126 132 138 155 161 165 171 172 173 179 199 209 211 212 213 214 216 217 218 229 230 233 234 238 239 243 244 245 246 253 256 257 259 261 267 299 307 362 372 387 392 396 411 414 415 421 436 
 0.02394	 0.01149	3 16 27 29 34 39 41 59 60 65 72 74 78 79 91 102 108 114 121 124 126 132 138 150 151 156 161 165 167 171 173 179 190 199 203 204 208 209 211 212 213 214 216 217 218 229 230 233 238 243 244 245 246 253 256 257 258 259 261 267 276 299 307 310 313 318 326 339 354 362 363 365 372 384 387 392 396 399 411 413 414 415 416 425 435 436 
 0.02525	 0.02356	3 6 16 34 39 41 56 58 60 70 72 77 92 95 101 102 108 110 114 119 121 124 126 132 137 138 140 155 161 165 171 172 173 176 179 182 199 205 209 211 212 213 214 216 217 218 219 229 230 233 234 238 239 243 244 245 246 253 254 256 257 259 261 265 267 281 299 302 307 318 338 341 362 364 372 378 385 387 392 396 400 411 414 415 421 424 433 436 
 0.02396	 0.01165	2 3 4 16 24 28 34 39 41 44 52 58 60 61 70 71 72 78 102 103 114 116 119 121 124 127 128 132 134 135 138 155 161 165 171 172 173 179 193 199 201 206 209 211 212 213 216 217 218 226 229 230 233 234 238 239 243 244 245 246 253 256 257 259 261 267 283 301 307 316 319 330 357 362 372 375 387 392 396 402 403 410 411 413 414 415 421 422 427 436 
 0.02415	 0.01345	3 6 8 9 16 30 34 35 36 37 58 59 60 61 64 72 84 85 87 102 103 104 108 110 113 119 120 121 124 126 132 138 155 159 161 163 165 167 171 173 175 193 195 199 202 205 208 212 213 214 216 217 218 224 225 230 232 233 236 238 239 243 245 246 249 250 254 256 257 259 261 265 266 274 289 291 294 297 299 300 307 320 329 348 357 362 372 376 377 387 392 403 415 416 421 424 436 
 0.02339	 0.00637	3 16 17 28 34 39 41 58 60 72 79 102 108 114 119 121 124 128 129 132 138 140 142 144 150 155 159 160 161 165 170 171 172 173 177 179 196 199 209 211 212 213 214 216 217 218 220 233 234 238 239 243 244 246 248 253 256 257 258 259 261 264 265 267 268 272 276 278 279 299 307 318 320 329 330 337 344 346 362 363 372 374 387 389 392 395 396 403 404 409 411 414 415 418 421 428 436 
 0.02425	 0.01438	3 9 12 13 16 34 36 39 41 46 58 60 71 72 88 91 100 102 104 112 114 117 119 121 124 126 132 151 155 161 163 165 171 172 173 179 184 188 193 199 203 209 211 212 213 214 216 217 218 229 230 234 238 239 244 246 256 257 261 267 273 274 299 307 332 362 363 368 372 387 392 397 401 411 414 415 420 421 427 436 
 0.0227 	 0      	1 3 10 16 19 21 39 41 58 60 72 88 102 106 108 114 119 121 124 132 138 151 155 161 165 171 172 173 179 192 199 209 211 212 213 214 216 217 218 222 229 230 233 234 238 239 243 244 245 246 253 256 257 259 261 267 299 307 330 333 342 362 372 387 392 396 411 414 415 417 421 425 436 
 0.02398	 0.01182	3 10 11 16 34 39 41 58 60 72 91 102 108 114 119 121 124 126 132 138 150 151 161 165 167 171 172 173 179 190 198 199 203 204 208 211 212 213 214 216 217 218 225 226 229 230 233 234 238 239 243 244 245 246 253 256 257 258 259 261 267 299 307 310 313 325 354 357 362 363 365 368 372 373 383 387 392 396 399 411 413 414 415 421 425 436 
 0.02658	 0.03582	3 16 34 39 41 51 58 60 72 102 108 114 119 121 122 124 126 129 132 138 151 154 155 157 161 165 171 172 173 175 179 199 205 209 211 212 213 214 216 217 218 229 230 233 234 238 239 243 244 245 246 253 256 257 259 282 294 303 307 316 329 362 365 372 380 387 392 411 414 415 421 436 
 0.02676	 0.03754	3 16 34 39 41 51 58 60 72 102 108 114 119 121 122 124 126 129 132 138 151 154 155 157 161 165 171 172 173 175 179 199 205 209 211 212 213 214 216 217 218 229 230 233 234 238 239 243 244 245 246 253 256 257 259 282 294 303 307 316 329 362 372 380 387 392 411 414 415 421 436 
 0.02567	 0.02746	3 5 7 16 34 39 41 60 72 77 79 108 112 114 119 121 124 125 126 128 132 134 138 155 161 171 172 173 179 190 199 203 209 211 212 213 214 216 217 218 220 226 229 230 233 234 238 239 240 243 244 245 246 253 256 257 259 261 267 287 299 307 327 329 344 345 349 354 362 368 372 379 385 387 392 395 396 411 414 415 436 
 0.02588	 0.02939	3 15 16 29 30 33 34 39 41 43 52 58 60 69 72 96 102 103 108 114 119 121 124 126 132 138 161 165 171 172 173 179 199 209 211 213 214 216 217 218 220 226 229 230 233 234 238 239 242 243 244 245 246 253 256 257 259 261 267 278 288 299 300 302 307 314 342 356 372 373 382 387 392 396 397 411 414 415 418 421 434 435 
 0.02629	 0.03322	3 16 34 39 41 60 72 77 79 102 108 119 121 124 126 132 138 139 155 161 171 172 173 178 179 199 209 211 212 213 214 216 217 218 220 229 230 233 234 238 239 243 245 246 253 256 257 260 261 267 275 283 299 307 329 339 344 345 349 354 361 362 372 385 387 392 396 411 414 415 436 
 0.02729	 0.04243	3 16 34 39 41 58 60 72 102 108 111 114 119 121 124 126 132 138 155 161 165 171 172 173 177 179 199 209 211 212 213 214 216 217 218 223 229 230 233 234 238 239 241 243 244 245 246 250 253 256 257 259 261 267 271 299 305 307 362 372 391 392 396 411 414 415 421 431 
 0.0266 	 0.03609	3 16 21 29 31 34 36 39 41 49 52 58 60 61 64 66 67 72 96 102 114 119 121 124 126 132 133 138 155 161 165 171 172 173 179 209 211 212 213 214 215 216 217 218 229 230 233 234 237 238 239 243 244 245 246 251 253 256 257 259 261 267 299 307 326 362 372 387 392 396 406 407 411 414 415 436 
 0.02471	 0.0186 	3 6 16 21 22 34 35 36 37 41 46 56 58 60 72 90 95 102 104 108 114 116 118 119 121 126 128 132 138 147 155 161 167 171 172 173 176 179 194 195 198 199 209 211 212 213 214 216 217 218 220 221 222 229 230 233 234 238 239 243 244 245 246 250 253 256 257 259 261 265 268 283 284 293 294 299 304 307 323 328 333 362 371 372 387 392 396 400 410 411 414 415 421 434 436 
 0.02579	 0.02854	3 16 32 38 39 41 42 58 60 72 102 108 114 119 121 124 126 130 132 138 140 155 161 165 171 172 173 179 199 204 209 211 212 213 214 216 217 229 230 233 234 238 239 243 244 245 246 253 256 257 259 261 266 267 299 307 331 362 371 372 392 396 403 405 411 414 415 421 436 
 0.02607	 0.03111	3 16 28 33 37 38 39 41 43 58 60 66 72 79 81 90 93 102 103 104 107 108 114 116 119 121 124 126 132 133 138 150 155 161 165 171 172 173 179 183 186 199 203 208 209 211 212 213 214 216 217 218 227 229 230 233 234 238 239 243 244 245 246 249 253 256 257 259 261 265 266 267 269 271 285 290 299 306 307 310 330 343 344 347 357 359 362 364 368 372 387 392 394 396 408 411 415 416 420 427 436 

Attribute Subset Evaluator (supervised, Class (nominal): 437 class):
	CFS Subset Evaluator
	Including locally predictive attributes

Selected attributes: 3,16,34,39,41,58,60,72,102,108,114,119,121,124,126,132,138,155,161,165,171,172,173,179,199,209,211,212,213,214,216,217,218,229,230,233,234,238,239,243,244,245,246,253,256,257,259,261,267,299,307,362,372,387,392,396,411,414,415,421,436 : 61
                     IP_AC1_PCR_N2
                     Pb_AC1_PCR_TI31
                     DHf_AC2_PCR_N2
                     IP_AC2_PRT_N2
                     Pt_AC2_PCR_TI31
                     Ap_AC2_PCR_MI31
                     Ap_AC2_NPR_N2
                     IP_AC3_PLR_N2
                     Z3_ES_PCR_N2
                     IP_ES_PLR_DE
                     Z3_ES_PRT_Ar
                     Z3_ES_AHR_Ar
                     Ap_ES_PLR_Ar
                     Z3_ES_PCR_G
                     Ap_ES_PLR_G
                     Gs(U)_ES_PRT_Ar
                     IP_ES_PCR_MI31
                     Z3_ES_Center_N2
                     IP_ES_PRT_Ar
                     Z1_ES_PLR_N2
                     IP_ES_NPR_G
                     Pt_ES_PCR_Ar
                     IP_ES_ALR_G
                     Z3_ES_ALR_Ar
                     Ap_KH1_PCR_DE
                     IP_KH1_PLR_DE
                     Pb_KH1_PCR_DE
                     Z1_KH1_PCR_DE
                     Pt_KH1_PCR_G
                     IP_KH1_PRT_DE
                     Z1_KH1_PCR_Ar
                     Z1_KH1_PCR_G
                     Pt_KH1_PCR_Ar
                     DHf_KH1_UCR_DE
                     Z1_KH1_PLR_G
                     Z1_KH1_PLR_Ar
                     Pt_KH1_UCR_DE
                     Z3_KH1_UCR_DE
                     IP_KH1_Center_Ar
                     Ap_KH1_PLR_DE
                     Z3_KH1_Center_N2
                     Ap_KH1_AHR_MI31
                     Z3_KH1_UCR_Ar
                     ISA_KH1_LYS_N2
                     IP_KH1_Center_DE
                     Pb_KH1_PRT_N2
                     IP_KH1_Center_G
                     DHf_KH2_PCR_N2
                     Gs(U)_KH2_PCR_N2
                     Pb_KH2_PRT_N2
                     Ap_KH3_PCR_N2
                     Z3_NO_AHR_Ar
                     IP_NO_PLR_DE
                     Z3_NO_PRT_Ar
                     Z3_NO_AHR_DE
                     Z1_NO_PLR_G
                     Pt_NO_UCR_DE
                     Pb_NO_PCR_Ar
                     Z3_NO_Center_DE
                     Z1_NO_PRT_Ar
                     IP_ES_16_N2

